7542890
6988909
3368759
4078463
1022385
1569192
5925049
1893763
9302602
2218634
1168262
1096460
553404
7699263
2966157
6557976
2489250
2833196
3894166
7254153
3020043
9151821
9695538
6539347
7422148
6289913
8851043
6101282
6321052
2137432
3706163
7822573
9624192
2645730
8705792
3336029
9918494
9854849
5007852
2946640
9024244
7686618
4474930
5648576
7489435
8178503
3438877
7824271
2470595
9416173
7532775
5930625
3905972
3325456
540076
1592467
7284023
3173495
9143275
636144
7527203
7558632
971623
2027857
922005
8351945
1389002
1980367
5516531
9284480
7104431
2020291
8571866
5519306
4078190
4402213
2515196
8574772
8467295
7705252
7639637
4956185
2143762
7542269
4588143
101997
204054
9037278
187009
6518982
372365
8396435
7116117
1645251
4126991
8619258
6300580
3831804
2137756
2472877
9818016
7719464
7302672
4793271
2025260
2894289
4010192
9149917
2482546
746199
7149254
5329676
1766845
440508
6833908
7366687
1662173
7691047
488801
5810973
4882137
6546226
3192137
5403551
6808933
5032307
2092748
539360
1297388
7175856
3243831
5598668
8906047
3028707
5178580
2635381
173770
109641
8790644
9476423
80294
3232469
8117406
8015256
2777062
1745927
1037003
7846291
8355262
7275317
8318050
2846961
2161606
3172384
2766262
9542523
1987155
8531361
470740
6111567
5181259
4380826
2154326
6041440
5978491
4902183
9116141
4516782
2674345
8754829
7290531
4628624
1448427
5664133
1230926
7117267
7381150
4406669
4658882
6601532
522700
3428221
7213951
1472798
4746837
269565
2883865
7496216
6001795
7578397
7020065
4546346
7595144
9537502
4166093
8750103
1915035
8343439
2400293
5593682
2574762
6759001
6635654
9442752
3645059
2101665
4981552
1401220
9680552
6941558
7733161
1182415
5421114
3356955
1130576
918625
4571151
2818403
7678740
970247
5095383
5825577
6174348
9516200
4610785
3402139
9041387
8691256
3691787
4789875
1559845
6529548
4953400
1729411
6141657
8891716
3984175
3256160
9500600
8566453
5577388
2210844
3461103
8816748
6593202
1401259
4148252
8500443
5991516
6640078
1389191
6603349
3223613
4825141
4938923
2702006
785980
9925726
3106993
7895512
6942041
3451844
3695337
8256101
9247671
6069074
72310
1505070
9789867
6727175
5083707
8779761
982878
9303143
2098481
8160647
3614069
1609923
4638951
1645921
6853486
7491878
3420566
3556150
6424535
5301569
9291595
3483632
1581529
2038956
351953
9854709
8002994
1243900
7056991
8547038
2900945
3276865
8257753
535586
942232
3586649
4169090
9301089
7179344
9703982
8883840
732633
2082753
9181208
2417513
6165993
4218882
9697069
2857862
6780064
617677
5306731
2297296
446280
5699926
9819854
7842691
6487895
8659483
3365627
5478462
2272765
9367970
5558325
2525081
6203788
5826721
8392340
2305875
2790281
2734995
8103991
4895574
4466055
23329
5011245
930254
3918652
6006348
9698255
6430490
9253844
6536988
7948107
9715150
1545659
1139156
6488320
1973960
2221726
7345858
5944426
2170424
6888129
8357966
2643220
291283
1923924
4939859
3497216
5276671
9030375
1886856
3682932
8760693
7386353
9608600
8089633
7253483
699980
3278517
1758907
1277480
9334742
1169559
4524328
7071226
7307368
7273137
4879017
1579194
4890625
3722139
6223760
3205118
5763873
8394944
7257443
1871172
5720774
7881423
9701666
569563
323811
8017744
7370179
2503907
7681107
9497287
104545
7318683
2670620
7027364
6581597
1367279
7249673
1794642
4133228
6097716
1155462
6235590
4392627
3260827
8530577
85098
4161366
6491498
1740198
8212646
9843230
2241889
6099675
2445246
9112356
9198892
2186046
6581890
3630219
988418
3896984
413924
3515712
2911112
1524426
4063386
1081460
8176556
3278662
8916035
778764
4595656
8910549
9436279
2010098
6937001
8443369
7933642
8303657
8770096
8013001
6923781
4148272
1450207
8005988
8984775
2000111
4845813
1324634
2777920
5585906
3755573
2515546
3113321
59116
2791895
5559666
3111715
8005396
2776088
1525269
9004475
816348
7011566
9448119
723462
4027111
707052
3286624
7115905
2099534
6003971
1315365
3664346
2086014
1112082
4403999
7727151
3863381
2386877
3572610
2506913
9066921
3761612
8182847
9115238
1349195
4328868
6792363
846612
7008605
8953380
6486624
2208028
2927534
7892504
4750249
8201321
5891944
9515015
3365393
7261140
5925435
3639261
7635612
1477134
8220345
5217362
9521001
5590313
8339940
4955844
8770069
4136054
484725
1936296
405010
1921421
4242492
8945127
8050425
3029317
7870923
5870712
1416494
2107649
7789093
8123348
8425472
3704627
2127681
3765159
15329
6336701
2694377
7001753
4329148
6057823
4058894
6276795
6539252
9185749
6689066
1806328
2553925
6665139
805931
548460
4114668
8765152
3531272
396753
4490436
914081
7621443
6782570
4863517
2085256
7541435
5753805
1914001
2737839
8160244
4478144
5354727
2721881
5181200
5722209
4503910
6794699
4419598
9292384
6769645
6919098
5918063
543731
1152562
1999942
4791189
7830604
8799861
630629
7040739
8083316
620678
2788286
8086233
3654831
2539144
306515
12814
5364634
774113
2077462
4776740
8247899
5767729
2041136
4616284
9368184
9545846
4539556
7634163
5187856
7414898
8310468
2702880
8732408
5067718
6032762
3886776
2681466
9153747
8510800
6769150
8775610
1954474
6133652
1436757
3729444
1665350
3738533
6296799
8433554
4577301
8222720
4524164
4077595
3875529
7586465
6142353
9937906
8150843
9718212
9634814
7884735
1921204
9339348
2665608
7882213
1409255
77434
2464487
6884351
8575320
3929021
3149411
4459311
8892721
1144890
6562832
5848794
8826563
4333231
8866840
4580286
7026652
2045752
715425
4570196
7437871
8584152
2095361
1232320
3691264
1678576
820635
2230870
6110544
4570409
5238578
5395131
6311175
7083031
4378923
735391
4100791
1000269
5388120
3499745
8292221
7214922
6972565
5593164
7402039
6435352
2494630
9412660
2779194
3173602
9675091
5424544
8335044
1382128
1896132
8391361
662277
1062746
6547834
8552985
1916486
7220371
8527309
740511
6508473
9908681
5180905
1551843
4808244
553842
6199637
6175359
9828159
7333521
1518684
106788
7807127
5865228
782173
4358107
1421831
3296635
2205216
2290928
9597481
2928146
1796587
9026331
3090290
6618695
255503
6893569
7440630
4113784
2711536
7709835
568523
4972985
1652646
754090
2202934
1071498
2170640
5129420
5026580
9993010
4989847
1740373
117271
3886928
3503129
7231092
4630929
2677246
7273080
6607825
9141058
6568441
5926552
4165513
2300111
4663001
6937854
9499183
4390083
5054211
5796835
9120726
9553047
2467304
9836744
7937243
7623876
6029036
9899036
7960858
4669303
690815
9219871
9974863
1840388
6386642
8738182
5367542
6457988
4598280
7810589
3130412
9812187
3273966
454995
3818086
1948541
875068
3116374
1102764
1649504
9110683
6827204
6278336
9034125
5865258
7989590
9473755
6804717
6584115
8019171
6838599
8364634
8942511
5389566
2949592
3793364
9532285
1878719
3108023
7732048
926870
9816720
7868180
9302281
8545258
9387480
342798
3400193
2565438
548396
4637279
1953598
2815467
9433285
5915129
4565692
6229356
2814177
3950699
968991
9689034
983412
5406020
1756283
3660579
6268302
5180936
2476527
686389
4289997
3724343
6964329
9831737
17798
8336422
3706385
4117204
8015584
2659239
3665931
5012250
6745805
6956415
8450460
864759
135172
5356513
5482233
5071026
8647814
5137679
5642732
9838309
921490
2842933
3703669
1595666
8864862
4677476
2052155
9007698
7227605
3359483
8225052
1436047
4561970
4061723
7250777
6098015
7554340
9636334
8557101
4125896
2402777
398750
5831960
8655216
5218466
9781769
5880999
6902536
2307584
1642302
7497048
4713092
550790
2625995
1115699
4055402
7547389
5152012
4565216
7206746
2290967
5459397
7041140
8964574
9047733
7329937
9599838
1952820
2370135
332861
8755486
9737496
7042634
6319802
8808332
1574806
2422273
5205345
6416273
490188
7860312
4556220
5597137
7153847
2727190
7393074
7443041
9030436
5199165
4760470
2125282
3588308
8253816
1483438
537961
1823351
9017607
9659582
7350325
8720402
3678836
6835318
7884910
7489286
1598837
2000112
2207559
3443243
9955604
5095131
9289028
6575329
4743127
3755650
8741306
1994430
318580
8017557
7671928
442064
4800039
9820381
5555671
6272680
3321353
5163814
421035
5880805
3687643
3935493
2991806
2234645
1580952
6206662
8572407
