99938
99880
99750
99721
99497
99428
99411
99363
99323
99239
99103
98985
98832
98785
98668
98646
98500
98480
98275
98259
98170
98168
98075
98064
97997
97961
97910
97904
97715
97650
97636
97330
97083
96937
96862
96836
96827
96658
96573
96520
96450
96447
96305
96298
96284
96260
96139
96107
95940
95128
95068
95061
94947
94936
94669
94523
94474
94350
94308
94272
93984
93859
93846
93799
93686
93666
93594
93558
93501
93436
93426
93298
93231
93030
92905
92895
92884
92819
92802
92722
92629
92547
92403
92380
92293
92292
92073
92029
91978
91875
91789
91763
91581
91521
91517
91471
91409
91362
91069
91028
90974
90791
90581
90376
90363
90343
90282
90184
90158
90016
89858
89833
89692
89689
89687
89634
89586
89552
89461
89418
89367
89332
89143
89122
89119
89117
89091
88870
88774
88766
88749
88580
88346
88340
88274
88238
88072
87954
87910
87869
87684
87633
87579
87481
87440
87373
87201
87200
87090
87029
86981
86828
86695
86410
86373
86216
86174
86103
86100
86063
86010
85772
85078
84961
84889
84803
84765
84486
84418
84387
84253
84247
84190
84025
83839
83685
83572
83529
83426
83096
83063
83046
82962
82947
82942
82895
82781
82771
82705
82628
82575
82354
82325
82216
82072
81874
81776
81618
81606
81563
81534
81441
81270
81200
81124
80992
80893
80584
80408
80241
80240
80186
80185
80108
80025
79979
79948
79884
79793
79703
79639
79475
79361
79313
79089
79032
78865
78815
78566
78481
78411
78260
78155
78040
78014
77943
77883
77851
77735
77699
77557
77544
77532
77502
77490
77423
77378
77268
77200
76993
76899
76849
76798
76666
76640
76608
76542
76489
76435
76413
76337
75782
75734
75582
75461
75385
75262
75223
75204
75197
75130
75029
74889
74814
74771
74747
74728
74697
74678
74675
74503
74434
74359
74285
73951
73919
73720
73709
73567
73489
73388
73307
73109
72937
72921
72893
72642
72614
72613
72600
72573
72485
72479
72318
72277
72221
72124
71746
71701
71692
71667
71476
70983
70972
70969
70907
70858
70817
70739
70649
70515
70282
70133
70112
69940
69908
69900
69795
69615
69499
69269
69257
69254
69185
69152
69150
68896
68679
68675
68447
68384
68352
68127
67955
67932
67909
67907
67673
67634
67409
67220
67158
66835
66664
66550
66543
66522
66507
66465
66446
66243
66206
66151
66140
66081
66034
66007
65978
65833
65765
65762
65758
65748
65640
65423
65391
65050
64869
64834
64795
64721
64692
64679
64632
64609
64507
64386
64356
64328
64203
64169
64083
63803
63747
63707
63636
63382
63277
63131
63104
63047
62978
62961
62788
62739
62510
62332
62198
62118
62068
61913
61799
61799
61730
61670
61473
61226
60873
60853
60789
60738
60664
60645
60581
60492
60459
60451
60422
60171
59929
59770
59515
59474
59320
59277
58456
58398
58290
58153
57895
57818
57778
57602
57437
57388
57385
57311
57255
57242
57216
57068
57036
56995
56783
56592
56536
56485
56479
56132
56099
55881
55834
55824
55736
55180
55041
55013
54815
54779
54747
54583
54492
54488
54479
54428
54395
54195
54097
54055
54024
53977
53788
53787
53785
53755
53711
53650
53526
53470
53002
52928
52822
52751
52600
52364
52231
52034
51995
51944
51886
51858
51256
51063
51056
51033
50842
50799
50789
50725
50609
50454
50296
49562
49561
49520
49516
49418
49404
49360
49290
49284
49201
49161
49158
49113
49058
49036
49006
48578
48567
48564
48462
48301
48213
47781
47749
47711
47593
47576
47392
47237
46951
46912
46906
46903
46701
46665
46661
46624
46225
46220
46160
46070
46029
46004
45981
45976
45945
45755
45728
45382
45277
45231
45116
44788
44572
44547
44508
44395
44379
44343
44137
44066
43947
43930
43876
43851
43542
43507
43430
43374
43357
43174
43145
43031
42995
42672
42671
42638
42637
42493
42428
42415
42381
42256
42230
42148
41960
41861
41831
41830
41826
41806
41759
41739
41698
41540
41230
41205
41204
41198
41176
41156
40998
40919
40783
40644
40564
40531
40249
40227
40205
40020
40009
39824
39770
39749
39722
39613
39587
39442
39271
39178
39071
39020
39017
38980
38958
38904
38856
38791
38770
38614
38571
38551
38475
38322
38250
38216
38038
37949
37848
37641
37590
37432
37411
37339
37313
37287
37204
37187
37123
37084
36913
36644
36572
36469
36424
35998
35902
35898
35837
35743
35680
35553
35231
35123
35106
34972
34971
34797
34779
34719
34622
34549
34393
34359
34133
34061
33859
33730
33534
33318
33211
32950
32766
32748
32694
32266
32140
32055
31940
31853
31437
31434
31280
31255
31251
31167
31158
31020
30984
30917
30832
30772
30651
30434
30425
30404
30190
30042
29982
29845
29823
29665
29478
29293
29213
29178
29143
29143
29060
28903
28682
28629
28516
28482
28433
28405
28256
28036
27858
27774
27744
27572
27520
27495
27448
27395
27307
27086
27007
26950
26948
26799
26476
26441
26353
26332
26306
26234
26148
25972
25784
25663
25277
25258
25203
25141
25132
25131
24937
24896
24620
24462
24448
24346
24266
24142
24130
24016
23971
23921
23840
23834
23697
23428
23282
23211
23164
23081
23071
23003
22838
22784
22656
22628
22117
22034
22006
21908
21891
21557
21440
21291
21217
21068
20890
20881
20859
20578
20553
20344
20277
20226
20136
20095
20015
19931
19706
19656
19649
19548
19413
19246
19237
19151
19045
19014
18697
18685
18073
18061
18023
17890
17835
17810
17759
17547
17233
16977
16972
16947
16580
16557
16481
16423
16370
16366
16279
15915
15900
15871
15760
15611
15557
15526
15201
15107
15049
14975
14967
14730
14457
14277
14078
13929
13894
13729
13713
13593
13264
13103
13045
12949
12901
12706
12634
12631
12540
12230
12108
11964
11962
11747
11684
11568
11555
11533
11523
11470
11454
11416
11143
10975
10936
10879
10845
10821
10723
10577
10532
10524
10402
10347
10180
10040
9907
9876
9169
9022
8953
8687
8659
8567
8502
8480
8073
8067
8062
7917
7689
7310
7249
7228
7197
7068
6887
6669
6422
6415
6401
6161
5906
5674
5243
5232
5224
5181
5081
4880
4839
4784
4756
4753
4329
4251
4243
4171
4058
4015
3894
3844
3814
3784
3779
3701
3679
3634
3545
3518
3333
3231
3227
2713
2648
2566
2532
2424
2398
2392
2217
2124
2019
1987
1811
1703
1674
1663
1581
1467
1440
1185
1099
1040
982
969
930
829
823
789
786
594
541
540
513
363
309
270
264
