99727
97865
96845
96642
96402
95564
94719
92414
91997
90434
88984
88041
87475
87384
87053
86666
84900
83128
81625
80530
80177
80010
79169
78866
78314
78073
77971
76326
74414
73632
71126
69064
65757
64516
64244
63427
61489
60113
59838
58260
57178
56733
56621
56205
55580
54516
54369
53340
53306
51283
50833
50206
49231
48166
47726
45777
45618
44264
43208
41928
40343
40221
39232
36634
36396
35914
35057
34712
33642
33293
32931
32238
31906
31051
30621
30594
30399
29947
28432
24945
22637
22473
20516
18434
18378
18026
16862
16276
15472
13992
12628
12085
10741
10342
8600
7395
5763
5628
2196
1763
