87278
66989
88736
13255
32298
39038
65440
75023
70155
95206
40725
62395
77063
13502
65811
24227
97191
95394
46574
97877
1769
14973
91432
24500
44888
6868
87017
63103
32811
57315
9780
53420
53858
28840
50757
3337
6418
33106
71810
77714
81495
99184
78139
15211
34225
25983
45135
67794
34606
76867
84266
64415
57850
24862
85356
29225
75687
5512
75049
58526
59293
82744
77717
26075
94874
88052
76554
56303
66164
35980
57640
69506
94444
309
46731
17443
313
42762
58239
67949
70318
60648
19811
74932
95903
13563
7162
13198
14832
11606
21220
4379
6494
47367
40179
58567
64426
11253
8594
21875