99885
99841
99774
99769
99747
99740
99708
99655
99598
99579
99540
99529
99430
99285
99267
99176
99104
99085
99076
99037
98990
98977
98976
98909
98854
98839
98826
98703
98641
98587
98434
98320
98284
98264
98241
98212
98133
98118
98103
98093
98093
98028
97951
97850
97833
97826
97815
97750
97712
97663
97597
97584
97578
97477
97413
97369
97201
97193
97177
97059
97041
97004
96992
96929
96800
96779
96741
96706
96652
96645
96635
96571
96553
96401
96315
96244
96223
96212
96173
96163
96088
96052
95967
95881
95823
95794
95748
95724
95649
95639
95619
95573
95569
95552
95489
95415
95410
95385
95333
95313
95232
95212
95163
95141
95126
95114
95107
95018
95011
94996
94944
94906
94838
94730
94705
94678
94612
94610
94584
94577
94481
94467
94466
94431
94339
94249
94183
94121
94061
93963
93910
93789
93617
93592
93516
93315
93266
93198
93182
93169
93149
93143
93084
93064
93003
92970
92959
92900
92831
92829
92807
92645
92616
92614
92524
92434
92419
92222
92198
92191
92165
92163
92132
92123
92099
92067
92037
92027
91892
91859
91838
91709
91683
91662
91545
91491
91473
91466
91413
91409
91404
91315
91213
91194
91131
91127
91101
91022
91004
90977
90880
90863
90858
90774
90706
90687
90539
90457
90408
90295
90292
90256
90206
90188
90106
90064
90060
90014
89935
89921
89887
89868
89792
89755
89743
89723
89679
89675
89503
89475
89420
89371
89356
89209
89184
89181
89154
89142
89116
89116
89112
89109
89075
89059
88953
88889
88867
88851
88840
88805
88757
88677
88611
88558
88531
88529
88441
88441
88435
88414
88376
88371
88298
88274
88272
88253
88200
88181
88161
88125
88060
87967
87949
87884
87830
87818
87793
87736
87730
87676
87672
87630
87608
87558
87512
87509
87402
87376
87331
87236
87225
87125
87002
86989
86814
86755
86752
86683
86627
86616
86560
86502
86459
86412
86405
86370
86352
86304
86264
86209
86186
86174
86153
86143
86098
85994
85805
85804
85794
85667
85664
85576
85377
85361
85360
85356
85338
85331
85328
85239
85185
85034
85026
84928
84849
84818
84759
84745
84669
84523
84487
84455
84367
84282
84175
84113
84093
84084
84034
84017
83995
83866
83854
83662
83647
83619
83490
83445
83414
83397
83326
83314
83314
83313
83177
83134
83128
83067
83057
83053
83014
83012
83007
82981
82893
82876
82702
82680
82643
82639
82614
82601
82452
82440
82256
82114
82061
82038
81836
81815
81789
81709
81684
81647
81604
81602
81578
81570
81525
81502
81444
81406
81275
81237
81098
81093
81090
81077
81070
81005
80921
80900
80863
80862
80819
80810
80768
80739
80700
80601
80542
80520
80512
80478
80446
80330
80245
80240
80175
80141
80129
80120
80073
79921
79884
79770
79751
79701
79696
79610
79596
79565
79540
79522
79307
79268
79260
79221
79207
79130
79086
78935
78840
78693
78675
78471
78339
78174
78075
78045
77889
77854
77837
77795
77784
77762
77748
77695
77674
77655
77619
77596
77568
77556
77432
77422
77416
77189
77177
77143
77097
77092
77074
76993
76972
76927
76864
76838
76691
76610
76517
76509
76466
76370
76276
76211
76207
76186
76173
76144
76069
75905
75844
75826
75801
75618
75618
75606
75522
75518
75511
75503
75474
75396
75289
75217
75214
75212
75175
75129
75094
75063
75038
74994
74950
74942
74917
74864
74746
74738
74698
74698
74666
74654
74643
74577
74532
74488
74415
74391
74317
74187
74179
74129
74084
74071
74011
73997
73983
73960
73952
73873
73863
73851
73844
73792
73736
73710
73591
73501
73478
73467
73400
73297
73231
73168
73094
73012
72959
72816
72757
72659
72517
72491
72488
72471
72445
72436
72390
72360
72342
72317
72224
72164
72101
72095
72079
72007
71989
71942
71907
71854
71711
71533
71488
71351
71266
71228
71226
71176
71027
70997
70915
70854
70852
70833
70828
70667
70658
70593
70593
70559
70552
70525
70404
70228
70143
70138
70136
70075
70069
70066
70064
69947
69861
69844
69820
69695
69688
69640
69602
69573
69555
69501
69500
69483
69475
69463
69389
69379
69305
69223
69146
69101
69100
69090
68888
68868
68786
68636
68616
68578
68566
68563
68551
68551
68464
68429
68346
68295
68287
68249
68197
68196
68065
68038
67938
67905
67896
67818
67767
67766
67726
67725
67713
67637
67622
67614
67534
67474
67312
67288
67271
67249
67215
67188
67167
67137
67122
67102
67022
66865
66756
66704
66693
66653
66618
66576
66465
66458
66445
66368
66287
66276
65990
65986
65975
65932
65860
65844
65772
65749
65725
65719
65584
65531
65498
65445
65366
65364
65243
65107
65017
64998
64941
64928
64926
64765
64715
64646
64590
64523
64521
64513
64457
64309
64188
64115
64064
63888
63747
63727
63726
63688
63542
63534
63523
63474
63470
63426
63419
63404
63286
63159
63058
63054
63052
63031
63006
62958
62940
62909
62883
62795
62762
62726
62701
62659
62645
62637
62608
62553
62540
62530
62446
62378
62289
62277
62225
62224
62141
62063
61922
61898
61876
61850
61832
61738
61659
61640
61630
61573
61548
61417
61231
61217
61215
61183
61180
61030
61023
61012
60817
60806
60653
60631
60516
60513
60475
60440
60390
60389
60279
60154
60132
60097
60070
60007
59933
59923
59914
59900
59888
59816
59729
59694
59687
59413
59388
59355
59219
59213
59190
59109
59099
59062
59046
59043
58772
58769
58738
58686
58686
58597
58549
58522
58471
58433
58364
58354
58271
58145
58073
57967
57964
57962
57911
57896
57886
57861
57853
57753
57709
57708
57689
57654
57603
57554
57491
57208
57169
57075
57074
57025
56986
56946
56784
56776
56693
56666
56616
56515
56446
56406
56331
56298
56263
56254
56236
56081
56036
56002
55965
55957
55904
55849
55782
55706
55620
55575
55442
55438
55394
55380
55317
55288
55271
55248
55213
55213
55210
55161
55103
55094
54999
54966
54931
54876
54861
54762
54546
54515
54494
54284
54269
54242
54219
54154
54131
54051
54043
54042
53959
53953
53883
53857
53848
53792
53773
53713
53534
53511
53410
53384
53340
53339
53251
53198
53184
53174
53155
53095
53024
52981
52931
52845
52815
52691
52661
52647
52556
52446
52407
52323
52252
52247
52109
52109
52106
52075
52056
52046
51921
51842
51800
51798
51706
51667
51661
51619
51606
51520
51432
51378
51315
51259
51206
51036
50995
50972
50946
50876
50841
50831
50784
50771
50767
50737
50725
50697
50669
50594
50585
50561
50492
50420
50377
50375
50368
50336
50316
50301
50254
50219
50200
50143
50101
50067
50054
49839
49807
49726
49718
49648
49432
49420
49404
49302
49283
49194
49154
49041
48983
48861
48850
48738
48669
48618
48599
48472
48420
48313
48280
48245
47988
47934
47903
47895
47878
47857
47855
47838
47806
47760
47670
47597
47574
47542
47472
47457
47443
47400
47378
47372
47367
47352
47344
47340
47248
47237
47191
47170
47084
47066
47060
47024
46992
46965
46960
46927
46848
46699
46699
46536
46520
46510
46495
46414
46363
46361
46285
46281
46229
46038
45993
45948
45877
45860
45854
45815
45766
45726
45709
45707
45697
45590
45534
45515
45462
45452
45330
45282
45162
45120
45055
44889
44889
44853
44845
44841
44765
44729
44727
44702
44688
44578
44574
44568
44535
44474
44462
44416
44409
44365
44303
44217
44133
44128
44031
43994
43955
43950
43888
43870
43853
43843
43842
43816
43733
43726
43722
43715
43701
43700
43667
43556
43512
43485
43365
43324
43317
43296
43293
43283
43257
43239
43230
43205
43179
43134
43123
42985
42978
42936
42854
42831
42719
42701
42687
42597
42581
42321
42241
42222
42150
41995
41914
41864
41833
41728
41710
41690
41514
41369
41311
41214
41153
40964
40932
40820
40752
40638
40609
40606
40580
40557
40521
40480
40476
40456
40429
40398
40371
40271
40236
40205
40163
40116
40109
40038
40011
39898
39783
39672
39660
39650
39476
39472
39453
39398
39369
39360
39321
39251
39247
39243
39026
38944
38942
38929
38904
38893
38848
38831
38822
38806
38775
38711
38622
38608
38571
38567
38559
38514
38481
38477
38433
38408
38377
38362
38339
38337
38323
38308
38298
38247
38172
38149
38049
38025
38020
37720
37688
37670
37663
37590
37543
37499
37443
37428
37398
37380
37378
37367
37313
37294
37267
37246
37202
37138
37096
37068
37000
36931
36719
36694
36567
36554
36398
36380
36351
36344
36312
36210
36181
35973
35915
35713
35675
35591
35578
35553
35540
35479
35375
35358
35352
35293
35235
35191
35150
35119
35092
35026
35010
34900
34881
34877
34800
34778
34767
34749
34734
34699
34637
34589
34569
34568
34567
34510
34452
34379
34320
34309
34286
34270
34229
34195
33931
33887
33850
33806
33804
33771
33680
33672
33562
33562
33560
33343
33337
33312
33295
33225
33206
33176
33172
33152
33092
33087
33049
33046
32970
32945
32892
32773
32689
32676
32622
32504
32501
32496
32467
32435
32341
32243
32229
32195
32146
32089
32031
32016
31994
31904
31840
31789
31717
31682
31651
31607
31591
31540
31504
31481
31331
31326
31277
31063
31054
30999
30961
30919
30914
30856
30725
30708
30666
30656
30326
30233
30153
30048
29991
29939
29932
29909
29819
29788
29740
29702
29643
29451
29425
29421
29368
29323
29203
29183
29133
29122
29040
28937
28913
28911
28885
28852
28811
28785
28768
28744
28720
28676
28617
28581
28465
28395
28370
28258
28257
28139
27941
27873
27742
27727
27700
27691
27681
27598
27505
27451
27435
27406
27348
27348
27347
27176
27118
27056
26993
26977
26916
26804
26750
26661
26636
26562
26535
26446
26444
26411
26403
26340
26304
26275
26243
26184
26159
25983
25971
25937
25914
25893
25748
25744
25731
25712
25706
25698
25601
25504
25419
25304
25254
25241
25232
25232
25198
25183
25176
25170
25147
25136
25090
24841
24793
24751
24724
24720
24664
24557
24551
24532
24532
24460
24422
24414
24370
24336
24255
24242
24223
24207
24207
24182
24171
24143
24110
24086
24016
23879
23853
23816
23806
23792
23724
23571
23508
23495
23467
23440
23402
23386
23374
23339
23269
23257
23226
23143
23134
23096
23039
22905
22858
22796
22766
22687
22633
22497
22468
22448
22288
22281
22281
22239
22211
22134
22028
21895
21744
21733
21718
21677
21657
21629
21610
21606
21583
21483
21453
21450
21419
21382
21379
21310
21236
21234
21223
21156
21112
20984
20978
20965
20870
20802
20752
20720
20670
20627
20447
20310
20243
20171
20139
20068
20062
20048
20024
20007
19950
19939
19936
19922
19913
19829
19799
19797
19770
19743
19718
19621
19577
19557
19547
19535
19447
19418
19399
19353
19338
19329
19195
19186
19182
19084
19079
19077
19065
19016
18980
18979
18961
18946
18912
18909
18898
18893
18875
18840
18794
18682
18676
18613
18549
18533
18368
18359
18335
18335
18247
18235
18044
17993
17878
17839
17820
17750
17694
17670
17478
17462
17447
17405
17379
17365
17288
17254
17158
17152
17131
17126
17040
16990
16970
16948
16935
16824
16817
16816
16798
16779
16696
16654
16611
16475
16452
16433
16218
16127
16091
16075
16005
15989
15920
15886
15883
15839
15798
15778
15721
15710
15583
15552
15533
15529
15480
15395
15377
15150
15070
14990
14977
14976
14908
14882
14868
14862
14797
14795
14646
14625
14616
14610
14598
14594
14551
14474
14429
14427
14338
14294
14155
14153
13955
13890
13860
13726
13657
13537
13518
13455
13422
13331
13266
13205
13151
13139
13101
13021
13005
12989
12987
12974
12905
12851
12840
12789
12769
12755
12735
12636
12532
12499
12216
12146
12130
12044
12026
11970
11871
11854
11759
11689
11639
11579
11567
11556
11529
11495
11419
11396
11357
11333
11307
11299
11278
11143
11095
10995
10971
10846
10845
10830
10804
10723
10682
10645
10613
10489
10467
10428
10237
10155
10099
10071
10063
9972
9966
9942
9797
9786
9784
9728
9709
9703
9660
9590
9528
9493
9363
9331
9295
9281
9249
9197
9042
9011
8786
8786
8759
8694
8652
8593
8577
8506
8499
8481
8470
8469
8419
8315
8307
8291
8258
8202
8118
7960
7925
7912
7869
7806
7663
7586
7580
7499
7469
7372
7333
7322
7318
7189
7109
6997
6940
6919
6850
6718
6663
6415
6397
6302
6280
6195
6135
6062
6009
5966
5856
5830
5830
5770
5740
5696
5600
5557
5526
5520
5429
5393
5354
5345
5105
5066
5057
4913
4874
4835
4822
4789
4493
4362
4355
4308
4213
4168
4135
4124
4115
4056
3997
3993
3967
3836
3811
3811
3733
3686
3529
3418
3389
3217
3195
3007
2750
2746
2726
2723
2592
2585
2532
2498
2408
2366
2303
2279
2186
2168
2042
2039
2011
1932
1894
1811
1741
1665
1663
1591
1578
1549
1533
1500
1431
1381
1350
1272
1181
1043
992
944
887
876
813
786
782
725
672
647
614
599
595
413
407
397
302
217
187
155
153
92
92
47
