8561
8490
1519
2294
5862
6323
2049
9986
1283
1019
3078
7443
5558
2141
7855
8701
340
3301
3927
4651
8462
2239
265
8268
736
9214
223
4355
6506
8884
2668
1501
8648
9465
8825
6884
3825
8545
9042
9988
6923
9831
6148
6365
9460
8502
6329
1241
2827
1108
8159
9757
8787
2083
2161
4573
2599
8916
2712
9782
6482
6801
533
4167
5981
1373
9046
3773
8952
6600
4494
7911
7904
6270
6641
2564
494
8964
4393
1610
747
6129
6746
2032
7080
8708
9326
239
2279
4921
9284
251
2134
4823
1542
539
9463
1017
2119
5066
3135
6256
1149
3274
8805
9825
8556
1209
5264
6372
1635
4667
2349
4369
1394
231
1033
8742
9773
8382
1121
3161
6759
3924
9305
2816
1895
2228
9996
6245
421
9712
2193
9952
8160
7385
1438
7320
5765
1192
562
5898
1020
617
1923
7639
8180
1579
426
9791
4757
338
1190
6778
1299
8586
3123
6821
3693
2090
8574
5346
624
8611
2116
9962
3452
3551
2443
664
8963
4659
8528
3242
334
8571
5726
5225
6076
1318
3821
594
8847
4546
7908
3720
2915
8104
5587
2504
9472
2153
9079
5481
8864
2262
4983
6503
9688
1360
6942
1396
5038
7472
6931
6645
2516
3506
460
8558
197
3145
5903
9292
6119
7767
6239
143
2752
9698
388
1163
76
7328
2734
1736
4149
7519
2410
859
8515
4780
1745
9928
6109
8828
3143
2510
2154
6223
3777
4834
8227
6732
6575
2646
6764
2438
1920
3869
8341
5837
8755
6431
6507
8911
5799
9412
5725
8263
8470
3555
7523
9744
483
2250
680
226
8378
5143
7521
6159
7045
3484
6427
113
5404
2556
7372
5816
2640
7317
984
4863
8846
3594
6089
7171
8203
5086
5496
6493
8882
2018
9925
5284
9333
4435
429
7484
5563
5104
9667
3863
6095
7115
6268
5403
6673
4132
2210
8926
732
1433
1324
6909
9357
7222
6517
3979
5418
8435
3932
8829
5254
2845
7845
2087
7504
4926
3857
4597
1976
5258
156
8059
6627
6677
5695
4923
5209
4037
6689
1980
5672
8889
8617
2307
7971
5232
3552
1144
4893
9185
1685
5966
378
2017
7790
9294
2538
4158
1709
8299
6861
9121
6370
8567
6204
6867
4850
8399
7298
2850
5430
1319
175
1269
5751
8317
6817
8181
6381
7704
7329
3682
6828
6601
610
7962
1374
5173
2762
9790
7578
5294
3122
8016
1826
678
2696
1280
4360
9431
3780
9366
4505
4212
9619
9716
2555
9549
4173
9980
642
1307
8718
5490
3153
2581
6293
3062
6161
4376
5682
3474
4710
8705
6964
6681
2940
4459
9439
1388
6430
1794
2109
8096
6047
490
9868
3793
9037
538
2733
1258
7803
2602
2589
6357
5055
525
104
3549
720
9469
9779
5569
7853
8024
5547
8381
7470
5668
6598
7508
687
990
2708
5844
7576
4193
2913
4912
1691
1302
9422
7858
5921
2999
7215
7625
1467
4954
7028
9570
6004
3032
4741
4950
2874
2486
8401
4250
8472
336
9200
6175
5160
8103
146
5321
6060
2554
377
7025
2576
34
3749
7067
899
9643
9090
2397
7550
2731
9348
5076
2788
2436
6437
1544
6073
6862
2489
5473
1857
6187
2632
699
787
2805
5807
9473
4428
6028
7562
8167
2677
639
1000
4318
726
4491
4765
5930
6241
3990
8521
5790
4027
3280
9280
566
3625
5305
4555
7500
5965
4387
3960
587
207
585
9230
1934
6692
5339
9226
6182
1878
4057
3393
6707
8424
1305
2363
8359
3564
6039
2799
7431
7367
5334
8772
7314
7415
3249
9823
6786
3795
7293
4956
5792
5510
7965
370
4918
7861
341
6560
5596
3056
6583
6393
3481
1116
2254
4835
3125
980
2831
3965
4396
8727
5904
949
8076
6927
6092
1914
1880
9955
1068
4679
170
9638
2692
309
7118
6207
6690
4331
867
723
1679
8122
8306
4312
7053
6901
2963
3890
478
7638
8633
7023
4449
1265
4438
2498
9032
8022
1127
2365
3817
4265
2178
2503
9240
6276
7715
5165
4282
1702
8007
6769
1301
8152
9085
1463
7030
577
3775
8453
567
8308
2721
8030
4422
7668
9425
827
8921
4656
5451
1598
6040
8312
789
6056
6296
5706
6205
9681
905
4113
1540
2230
1117
1437
1821
1182
455
8009
4942
2102
3129
1281
8031
969
8348
3394
419
850
5763
721
9028
9806
3332
5550
6724
2173
3281
176
7937
7905
6314
7240
1101
16
6640
573
9978
5967
1174
5545
2705
8505
1722
2787
1739
7740
1669
4977
3536
6637
1489
9369
6046
6837
1026
185
6190
5080
7003
5178
8796
6388
2301
8944
8814
1592
2901
6262
8069
5190
364
668
2232
2342
289
183
2129
9399
6221
5107
9802
9970
3651
3696
5283
8296
3005
1617
1640
217
4964
9258
3626
3065
2490
7607
1780
2143
1462
8947
8164
9283
2233
5746
7814
9096
1562
8830
9876
9089
6639
3287
8666
1077
9490
9400
6703
6398
9376
7152
5832
2605
7772
318
9798
4399
7394
8302
3866
8806
451
3613
4727
816
4650
2381
846
6682
5291
9770
1963
5056
7842
8166
5613
9695
4803
7755
5093
4249
7981
1165
4849
8614
9740
6433
2606
7563
6150
8456
198
4229
9393
9394
8527
7906
8305
5452
8285
2205
7823
4245
966
3424
5888
4769
2552
8643
3262
2988
1577
9184
7575
6375
1575
921
8872
7166
7276
6131
6731
6998
5235
316
7721
7941
4416
2854
2651
9495
6463
2375
6664
3892
6488
5900
9777
395
7930
4634
8551
6545
3899
3211
700
5564
2251
8042
7589
3987
4876
1997
8299
7388
7431
3475
8899
3316
3541
5094
2272
1115
6786
1984
4265
4650
6264
9610
2286
1065
3738
9348
2801
2765
213
4605
6470
4802
9350
4784
5728
5088
9532
9121
1792
705
3266
3918
238
2656
6404
1582
5375
1121
9873
1534
6555
8150
685
245
8044
381
1423
7980
4982
2169
9745
8733
3230
5255
9654
7503
9277
9451
7726
3245
6274
2189
8179
3352
534
2033
9229
1430
4707
3283
9679
3217
1264
7896
2523
7330
9359
8662
1967
7025
6758
1406
3768
8361
6353
854
8969
7653
9432
8706
7717
5290
7335
9144
4603
1931
4972
3755
8789
8433
6252
1067
6137
4852
9892
703
8986
9905
3069
677
6350
2715
2794
2110
8970
6768
5925
7690
6158
4126
9507
6985
8875
1533
6506
5443
3820
9868
9689
1158
2419
4636
9800
77
6911
9578
3290
7622
3535
2308
2206
8930
6129
112
8851
9476
8738
1351
906
2848
8192
8390
8187
2331
8262
4200
7346
4467
9954
7791
7492
6131
9762
1276
9945
7816
6165
1922
8652
1504
2728
3235
8247
721
9221
8847
6286
5217
9556
3377
1427
8913
9107
9912
3014
2511
5525
6641
598
1128
2327
2908
6821
8511
8027
4589
5477
2759
6765
5113
4841
2412
5048
4103
303
5748
1623
9410
604
9239
2071
5106
1619
6700
2968
9169
5972
7547
6423
3852
7624
3449
2861
6193
9139
2740
8292
6680
1678
4357
9754
2792
8818
7901
163
1867
8246
4994
2857
455
5305
2178
4447
9626
7048
7894
7737
2750
9044
9491
6037
1609
7960
486
6736
8973
5196
7344
9851
4960
3670
2574
3337
298
5549
8274
4044
3424
851
4543
6184
5055
8070
3818
8110
9535
21
6748
582
7537
838
2904
6693
2723
4753
5074
2778
9002
9871
3955
1563
3365
6871
5379
340
2979
1373
2339
2890
4040
8399
2505
5798
2076
5662
5719
3851
5659
7331
3599
3643
308
9256
4553
1661
7974
1475
6248
1980
5715
1488
3644
2103
278
7076
6629
6228
6668
4674
6019
8144
3564
5838
992
2551
485
750
7727
6481
5317
410
6168
2809
4142
8441
9129
8896
5132
7126
438
5301
2844
5927
5407
6648
8843
5459
4081
6813
6632
9000
3415
3732
6245
2916
9390
8103
331
4772
9153
9416
9514
5661
2329
5712
8317
8477
2345
7193
9946
7807
8006
8987
2790
4330
6477
4030
3219
8707
9131
9691
4469
8775
2417
2356
2488
2785
3814
3624
208
3460
1551
7529
5632
2283
6886
6024
4276
8316
620
1516
3606
4060
5585
9333
5581
2093
4352
5679
6644
8332
5543
6299
7694
637
8049
7303
5860
6567
492
9835
9104
5331
4156
3496
3255
9607
8814
3271
5536
5136
2179
6556
696
3778
7350
5832
6572
7904
6704
6601
8004
7632
2992
918
6854
7568
8077
6638
3433
6182
8860
4844
5061
1748
8059
986
6877
4822
7621
5098
502
3859
6437
9819
647
9074
8092
4286
9035
5468
9142
5156
1212
558
2084
8992
1441
7762
6543
6253
4788
5154
76
8365
3074
4531
3941
9746
687
3577
6216
4733
1395
5839
472
1227
8723
2177
8922
7250
2221
5602
7203
1409
9093
3759
4931
9531
6337
8901
8898
2529
4941
3930
9630
4240
3297
197
8327
6530
9859
2671
5946
2661
1267
3289
6132
7792
1682
5926
4215
7716
4981
6372
7526
8424
7886
6598
483
4961
9052
5440
1183
9911
9198
7430
2025
732
5095
4437
7576
6933
9246
1127
872
2697
5470
3613
7959
9922
3502
3576
2756
2457
6183
654
1157
5709
7769
5428
9413
2710
6916
3212
345
2649
862
7253
2280
3114
9240
4363
3989
5080
8250
9693
7758
1244
2558
7434
5102
7818
1600
7554
8041
4980
7838
5300
8514
939
4985
4299
2180
2713
5654
5578
8951
7815
5014
8159
4336
7065
5129
1218
4781
1039
8445
2203
1324
9379
2
332
342
1530
2095
9786
8941
8647
1103
2542
2001
7885
6484
4450
8676
3990
5293
6067
3152
1607
1823
2294
6881
1053
149
8526
2587
2159
5422
9467
17
8727
883
2567
2376
5030
1261
8615
4771
4416
8757
315
8524
4633
9963
2537
2486
8401
2590
6922
6348
7377
6460
6478
9180
6109
5742
6153
9065
9483
6851
5788
571
1301
5167
8147
9894
1901
5131
226
5179
6117
8637
2260
9418
8657
9195
3746
2727
7667
4583
7406
3314
2665
301
4480
477
1573
2059
4290
4374
4711
1542
2951
4327
9917
6095
4313
9473
3506
6906
1045
1833
1213
7780
7233
6666
6945
9230
8134
2610
6847
5066
2655
6380
9984
9611
9867
9336
9127
4105
7147
8590
3394
7584
6797
1713
3248
2618
50
7607
3304
9932
4283
7863
3146
3741
7243
7419
8811
5775
3775
3081
27
368
1100
6229
3373
794
4179
520
4256
3032
230
1856
5880
4348
5756
8926
650
2739
4098
758
2132
5256
108
9077
4770
9001
9462
2150
6011
2688
5854
6118
4644
2898
7099
6654
1419
6243
1379
1394
2306
7867
2845
3060
6288
9785
7192
8744
2958
4630
542
7861
347
6160
2021
4202
5162
1011
406
6223
8855
9885
1443
6030
1944
1861
329
9591
1055
2435
4482
5907
5185
2375
6784
5035
7803
9837
7654
7277
7385
1498
3622
4210
1382
2303
1909
6597
9085
5571
1240
3710
3802
1305
7859
201
9632
4182
4232
8728
2134
2748
3157
7127
4055
9052
1316
8898
8941
9212
9284
844
5610
6090
4400
3130
8573
6681
9262
7533
2264
3668
9721
9458
3050
8676
2135
1346
7506
5423
4031
2896
221
3705
7238
9473
2157
1726
9710
2437
9470
1782
668
6398
9417
3421
5136
7290
6109
2114
705
1196
4633
6944
8783
4361
4116
4873
2419
1407
5990
6918
8018
9400
7061
2084
4317
181
6805
6015
5492
9634
89
4912
2984
3580
9892
8681
7994
4697
7536
3766
1638
7456
2705
4708
6923
6601
5251
3618
284
6028
6591
5031
8117
2607
6519
6079
4364
7391
2251
3697
9294
522
1206
2721
4190
6607
7475
4724
9773
1774
4725
2631
6614
640
437
9879
6572
5905
1171
9684
9926
7262
4005
9844
9693
5041
565
7266
9024
127
8924
8558
6557
7864
8814
591
9901
4957
5514
3955
5280
206
5624
4688
1939
2269
3712
828
6788
7578
279
2594
2427
8539
4205
9602
6469
2881
4505
47
3648
6802
3289
9318
9612
7888
9273
9488
5058
4491
9665
5246
6248
9493
7228
8273
8207
1621
3355
5433
3927
4654
6653
8037
4881
6336
6884
6289
1297
4503
6857
9669
7309
4488
5371
4227
8697
9607
7407
1886
9758
