44
151
167
262
280
345
515
560
581
641
652
842
864
959
1117
1136
1233
1275
1357
1368
1445
1525
1648
1660
1686
1839
2104
2232
2419
2465
2487
2503
2548
2571
2594
2796
2831
2844
2903
3059
3102
3219
3237
3241
3270
3395
3400
3461
3498
3711
3774
3780
3880
3911
3979
3994
4166
4179
4186
4295
4318
4334
4364
4392
4447
4458
4498
4510
4742
4746
4914
4922
4974
5043
5085
5258
5281
5452
5455
5488
5569
5773
5848
5862
6024
6180
6271
6286
6291
6311
6434
6441
6504
6558
6657
6751
6774
7084
7115
7321
7398
7438
7464
7596
7663
7758
7837
7876
7986
7993
8025
8032
8080
8235
8247
8284
8301
8312
8321
8324
8366
8369
8508
8521
8569
8607
8688
8765
8835
8860
8950
8968
9010
9072
9110
9289
9368
9454
9555
9622
9656
9779
9846
9878
9891
9961
9966
10014
10015
10047
10185
10227
10284
10298
10315
10419
10531
10597
10634
10693
10718
10736
10745
10771
10803
10837
10919
10951
10988
10990
10996
11017
11033
11034
11038
11085
11120
11123
11138
11175
11251
11254
11309
11390
11393
11490
11525
11539
11584
11595
11601
11605
11633
11644
11659
11745
11859
11868
11946
12102
12120
12121
12131
12136
12182
12267
12500
12563
12569
12669
12700
12768
12811
12907
12910
12913
12935
13015
13048
13049
13114
13115
13246
13259
13351
13465
13494
13557
13617
13673
13724
13784
13816
13884
13954
14016
14040
14077
14111
14111
14345
14365
14608
14644
14703
14719
14719
14723
14738
14753
14757
14781
14805
14826
14865
14924
14949
14972
14992
14999
15044
15086
15109
15147
15231
15293
15300
15392
15412
15745
15752
15775
15809
15884
15898
15993
16089
16157
16317
16679
16728
16783
16800
16933
16974
17031
17157
17166
17192
17275
17280
17394
17641
17641
17670
17696
17754
17921
17933
17957
17983
18002
18142
18165
18171
18190
18304
18305
18429
18482
18523
18567
18574
18624
18722
18726
18807
18832
18886
18921
18938
18964
19077
19165
19239
19294
19300
19365
19609
19615
19686
19837
19851
20059
20134
20136
20179
20362
20383
20415
20459
20471
20522
20558
20565
20575
20630
20726
20872
20913
20953
21027
21207
21219
21302
21409
21417
21464
21501
21506
21575
21578
21732
21927
21941
21952
22008
22015
22023
22126
22139
22147
22172
22181
22197
22249
22308
22317
22347
22414
22435
22498
22524
22552
22594
22602
22649
22719
22728
22869
22901
22923
22925
22969
22977
23008
23016
23069
23086
23265
23349
23372
23389
23453
23471
23525
23571
23655
23724
23862
23918
23943
24102
24113
24169
24292
24298
24351
24357
24395
24489
24501
24760
24907
25045
25099
25144
25158
25158
25208
25213
25230
25232
25279
25290
25299
25379
25386
25424
25569
25620
25670
25733
25755
25793
25865
25956
25989
26004
26048
26122
26124
26150
26170
26212
26322
26391
26395
26435
26461
26574
26578
26762
26775
26842
26887
26920
26925
27025
27028
27162
27174
27213
27260
27277
27345
27436
27524
27572
27589
27698
27807
27844
27853
27884
27907
27918
27921
27977
28045
28048
28066
28081
28126
28206
28262
28304
28320
28335
28357
28406
28484
28536
28549
28570
28584
28616
28665
28689
28732
28732
28884
28946
29106
29110
29125
29132
29169
29212
29254
29311
29339
29390
29439
29442
29466
29469
29505
29505
29528
29625
29742
29750
29823
29848
29898
29930
29933
29939
29941
29982
30249
30270
30310
30400
30489
30520
30594
30661
30701
30711
30833
30840
30907
31094
31204
31236
31257
31317
31348
31433
31442
31497
31566
31576
31606
31614
31641
31658
31664
31680
31709
31799
31867
31970
31972
31989
31990
31993
32112
32240
32356
32361
32423
32431
32434
32604
32637
32685
32732
32845
32897
32931
33139
33142
33164
33179
33298
33317
33698
33882
33983
34149
34181
34187
34224
34228
34324
34331
34481
34495
34512
34548
34645
34684
34789
34834
34939
34957
35016
35042
35047
35051
35071
35253
35266
35281
35310
35346
35569
35585
35678
35704
35841
35865
35925
35973
36064
36096
36259
36300
36304
36431
36493
36604
36612
36645
36653
36745
36785
36821
36862
36864
36956
37103
37117
37388
37410
37463
37538
37563
37590
37605
37664
37706
37856
37865
37871
37895
37978
37989
38128
38149
38163
38217
38245
38357
38390
38390
38442
38483
38543
38576
38651
38691
38694
38760
38776
38990
39004
39030
39044
39089
39111
39186
39208
39221
39261
39273
39363
39480
39699
39713
39720
39802
39871
39898
39971
39983
39997
40251
40355
40373
40421
40470
40582
40593
40680
40794
40903
40929
40976
41051
41065
41297
41312
41392
41396
41411
41537
41545
41565
41585
41693
41714
41839
41906
41928
41934
41978
42017
42144
42178
42243
42280
42327
42350
42592
42615
42639
42810
42844
42909
42954
42981
42988
43001
43016
43033
43046
43183
43366
43370
43425
43496
43500
43833
43854
43892
43916
43957
44058
44352
44415
44466
44573
44575
44601
44621
44680
44685
44808
45006
45043
45074
45139
45144
45189
45215
45295
45306
45336
45352
45363
45379
45385
45461
45507
45585
45657
45662
45666
45676
45743
45814
45829
45877
45890
45900
45979
45984
45985
46109
46252
46256
46301
46426
46524
46540
46612
46633
46782
46911
46927
46989
47073
47108
47202
47205
47273
47357
47434
47448
47532
47540
47603
47612
47717
47854
47884
47935
48130
48133
48325
48367
48498
48534
48577
48594
48618
48740
48743
48754
48775
48912
49011
49073
49085
49085
49233
49243
49288
49387
49416
49485
49623
49629
49631
49772
49784
49801
49857
49936
50007
50041
50066
50239
50327
50327
50329
50454
50501
50548
50589
50596
50625
50628
50710
50736
50754
50880
50883
50887
50890
50914
50950
50996
50997
51063
51168
51190
51256
51271
51280
51426
51513
51531
51566
51585
51596
51621
51650
51671
51694
51724
51767
51791
51829
51837
51843
51852
51923
52012
52017
52068
52070
52071
52097
52166
52167
52251
52256
52294
52434
52502
52552
52575
52892
52906
52908
52932
53115
53123
53218
53360
53381
53397
53447
53525
53547
53580
53593
53622
53770
53831
53861
53902
53961
54001
54068
54098
54134
54180
54184
54304
54374
54421
54451
54479
54482
54543
54625
54651
54790
54954
54959
55032
55059
55148
55212
55213
55216
55221
55383
55417
55464
55487
55526
55552
55668
55687
55748
55749
55779
55812
55905
55907
55958
56011
56020
56061
56072
56174
56186
56189
56235
56243
56247
56277
56398
56546
56592
56597
56599
56611
56626
56687
56707
56713
56729
56766
56808
56846
56849
56868
56905
56905
56937
56980
57017
57093
57140
57173
57179
57294
57305
57312
57363
57402
57513
57527
57557
57570
57571
57604
57736
57758
57768
57807
57845
58012
58087
58114
58150
58204
58342
58415
58500
58668
58706
58805
58817
58822
58826
58839
58912
58961
58966
59004
59028
59086
59379
59492
59506
59548
59597
59809
59826
59838
59969
60072
60238
60425
60435
60492
60495
60590
60655
60674
60736
60787
60854
60867
60932
60955
61070
61084
61118
61123
61130
61159
61174
61185
61196
61239
61280
61333
61503
61505
61565
61596
61716
61845
61960
62059
62120
62164
62241
62271
62283
62372
62472
62478
62500
62561
62585
62627
62644
62709
62711
62810
62860
62898
62945
63007
63034
63053
63053
63083
63112
63154
63211
63245
63281
63339
63349
63365
63373
63444
63491
63608
63640
63655
63670
63714
63791
63811
63825
63848
63991
64025
64076
64099
64231
64246
64262
64326
64404
64436
64548
64579
64655
64655
64892
64894
65019
65049
65064
65127
65208
65229
65306
65405
65420
65449
65467
65493
65568
65630
65670
65730
65734
65805
65902
65944
66039
66051
66130
66133
66234
66341
66341
66394
66434
66482
66654
66769
66827
66833
66879
66965
66982
67084
67223
67242
67263
67300
67403
67455
67510
67515
67547
67612
67630
67751
67828
68001
68095
68126
68174
68207
68230
68301
68392
68462
68535
68613
68665
68711
68745
68754
68768
68770
68830
68873
68953
68976
69070
69107
69189
69210
69411
69461
69478
69559
69575
69615
69660
69701
69770
69822
69908
69983
69992
70012
70036
70046
70053
70063
70169
70177
70185
70237
70246
70302
70364
70468
70555
70598
70601
70613
70655
70745
70753
70823
70830
70858
70875
70881
70886
70957
70999
71115
71160
71197
71309
71406
71413
71534
71551
71679
71720
71865
72073
72074
72081
72124
72290
72358
72410
72560
72573
72585
72666
72730
72810
72919
73005
73093
73099
73101
73238
73342
73349
73378
73450
73474
73489
73503
73677
73869
73943
73946
73974
73999
74045
74079
74115
74264
74277
74479
74537
74599
74620
74621
74690
74713
75098
75129
75151
75156
75160
75309
75370
75570
75668
75707
75780
75780
75841
75873
76002
76017
76059
76176
76207
76262
76346
76354
76364
76518
76558
76605
76613
76628
76648
76682
76704
76765
76817
76891
76939
76971
76993
77158
77213
77310
77405
77413
77560
77604
77682
77682
77847
77857
77865
78010
78012
78016
78022
78027
78115
78168
78200
78212
78214
78228
78254
78278
78370
78477
78536
78643
78712
78721
78736
78743
78898
78960
78985
79000
79023
79056
79074
79089
79091
79157
79227
79277
79371
79415
79477
79488
79599
79664
79723
79729
79767
79870
79959
79979
79985
80078
80129
80129
80281
80303
80322
80375
80463
80577
80610
80618
80661
80664
80696
80754
80756
80803
80823
80836
80880
80904
80918
80982
81002
81052
81139
81182
81191
81197
81221
81282
81309
81314
81430
81437
81469
81481
81495
81497
81552
81603
81635
81671
81690
81732
81745
81805
81834
82015
82035
82120
82197
82197
82222
82481
82546
82590
82649
82675
82690
82692
82721
82738
82742
82798
82811
82889
82936
83114
83115
83116
83160
83247
83468
83517
83609
83669
83689
83822
83897
83898
83909
84007
84034
84122
84126
84139
84421
84456
84480
84599
84624
84661
84679
84682
84703
84748
84963
85089
85109
85193
85230
85233
85307
85362
85382
85452
85491
85496
85508
85599
85653
85762
85913
86021
86021
86099
86122
86131
86179
86300
86300
86303
86335
86380
86387
86395
86501
86576
86628
86678
86678
86745
86771
86829
87163
87212
87373
87412
87506
87551
87708
87771
87829
87980
88082
88102
88113
88183
88225
88265
88380
88392
88399
88404
88499
88561
88564
88589
88616
88780
88789
88795
88859
88889
88889
88890
88893
88906
88937
88996
89039
89058
89091
89114
89179
89217
89238
89307
89513
89573
89646
89665
89766
89857
89883
90008
90100
90135
90140
90182
90273
90341
90365
90416
90449
90494
90581
90664
90699
90784
90808
90882
90927
90972
91099
91251
91257
91282
91298
91368
91532
91536
91626
91685
91803
91810
91866
91904
92001
92056
92119
92204
92225
92233
92282
92448
92533
92570
92582
92638
92656
92728
92742
92800
92855
93005
93049
93085
93243
93301
93356
93367
93369
93382
93401
93419
93570
93601
93650
93663
93727
93733
93761
93825
93843
93894
93923
93965
93998
94010
94011
94089
94114
94119
94134
94200
94216
94249
94269
94357
94465
94545
94648
94865
94899
94947
94952
94966
94969
94987
94993
95054
95069
95070
95235
95247
95251
95321
95370
95709
95761
95786
95885
95964
95971
96037
96247
96315
96324
96325
96437
96495
96543
96632
96657
96688
96896
96963
97001
97071
97223
97291
97293
97394
97412
97446
97565
97763
97785
97882
97892
97957
97991
98009
98164
98181
98200
98252
98281
98286
98395
98410
98431
98434
98523
98545
98655
98786
98840
98943
98972
99059
99079
99111
99139
99204
99252
99272
99374
99413
99477
99530
99631
99797
99846
99971
99985
73696
23639
13437
22050
50520
72792
68208
74337
55058
80107
63225
3018
29699
38093
57711
2810
13804
23183
23202
30038
68323
7888
86518
29396
59771
20304
23695
61073
76982
77513
16984
8297
98959
10038
51451
65128
24247
85785
86104
48985
97690
40929
30606
77065
85285
64007
93779
48828
96218
36310
96722
70818
29224
64972
94461
73522
98877
54183
20403
76894
57337
26153
86970
60147
90889
78482
30574
56912
69836
21319
96309
75848
37818
86546
2082
58446
94350
83188
50180
15093
27139
91310
47548
47850
91843
2378
96462
56938
78105
50784
9332
98150
92981
82293
68564
6053
69320
12691
62012
36026
59864
8689
5933
85361
9177
47474
18931
40036
39096
22559
68302
30455
62231
98225
41772
74242
18162
33096
83251
37834
94646
90822
78872
52113
35203
73652
50955
99128
66501
88970
68363
38199
30442
38702
99389
85193
45518
94297
29400
29472
28995
15072
98459
95219
95912
25724
90093
75660
23192
18311
55806
70928
50152
73039
39163
21690
49832
95253
4431
89878
29841
19624
64933
73125
75131
99668
72164
56990
13821
89144
39585
62210
35385
13371
88847
90256
4495
78449
81475
19678
86873
93932
12236
25589
81003
29877
17325
21003
27710
54240
80898
29816
31955
30712
20203
80052
46974
48271
98240
51693
