27
49
267
345
482
517
563
1191
1579
2028
2165
2229
2267
2336
2407
2586
2626
2761
2916
2951
2991
3097
3171
3214
3431
3467
3471
3517
3558
3945
3999
4090
4156
4159
4514
4521
4704
4753
4825
4944
4973
5028
5101
5102
5326
5788
5913
6053
6135
6162
6285
6313
6328
6495
6564
6628
6797
6834
6837
7160
7263
7789
7865
7993
8140
8172
8269
8425
8726
8785
8809
8828
8841
8867
9033
9038
9073
9173
9208
9307
9519
9586
9787
9819
9874
9874
9947
10048
10056
10161
10183
10368
10518
10629
10826
10873
11060
11206
11249
11395
11467
11486
11491
11828
11883
12008
12070
12339
12417
12516
12628
12799
12912
12974
13104
13388
13477
13598
13603
13729
13790
13793
13803
14264
14504
14514
14662
14681
14760
14838
14860
15244
15261
15268
15357
15410
15544
15560
15627
15780
15979
16062
16370
16534
16679
16754
16982
17019
17206
17216
17241
17648
17700
18092
18126
18129
18181
18199
18257
18278
18279
18648
18715
18753
19008
19076
19113
19326
19394
19423
19451
19513
19654
19806
19832
19834
19983
19985
20022
20032
20045
20258
20259
20403
20461
20558
20607
20734
20882
21056
21271
21534
21936
21949
22036
22074
22122
22196
22430
22485
22726
22916
23018
23045
23349
23444
23469
23593
23920
23935
24070
24212
24347
24704
24891
24991
25000
25021
25198
25301
25498
25691
25693
25821
26000
26066
26071
26124
26136
26227
26279
26348
26423
26581
26702
26797
26925
26968
27018
27366
27424
27438
27483
27514
27571
27649
28011
28015
28018
28029
28216
28243
28379
28461
28510
28649
28835
28868
29012
29134
29158
29339
29628
29633
29659
29676
30262
30502
30564
30627
30804
30818
31007
31014
31195
31304
31358
31413
31445
31549
31613
31927
31960
32009
32058
32137
32204
32300
32359
32406
32527
32654
32873
33006
33010
33103
33155
33161
33206
33351
33391
33395
33527
33623
33703
33845
33995
34100
34113
34280
34488
34718
34721
34779
34795
34816
34871
34998
35152
35201
35554
35595
35713
35752
35774
35814
35942
36076
36495
36721
36745
36893
36896
36974
37199
37314
37399
37428
37582
37788
37794
37840
37846
37846
37867
37924
37955
37999
38087
38089
38297
38473
38831
38944
38998
39059
39085
39153
39177
39254
39411
39457
39621
39710
39752
40126
40191
40510
40521
40636
40736
40782
40847
40881
40912
40988
41063
41109
41235
41433
41475
41479
41557
41591
41709
41978
42063
42073
42158
42446
42574
42594
42602
42649
42679
42727
42751
42908
42933
43155
43329
43530
43871
43875
43965
43999
44091
44203
44267
44315
44319
44680
44768
44774
44781
44926
45351
45406
45408
45564
45755
45927
46025
46165
46239
46310
46316
46373
46534
46559
46569
46586
46609
46630
46641
46751
46913
47320
47410
47460
47666
47748
47748
47890
47919
48032
48087
48582
48713
48771
48917
49011
49020
49634
49691
49718
49727
49758
49821
49839
49946
50105
50119
50230
50352
50510
50550
50581
50611
50639
51143
51310
51336
51608
51617
51618
51659
51694
51809
52148
52188
52258
52391
52400
52476
52704
52842
53059
53109
53146
53151
53217
53268
53323
53336
53410
53692
53703
53852
53853
53906
53940
54044
54045
54333
54344
54445
54518
54732
54787
54902
54912
54941
55251
55857
55884
55944
56148
56171
56343
56426
56648
56712
56773
56853
56976
57115
57324
57509
57765
57784
57855
57861
57889
57955
58045
58169
58176
58381
58411
58608
58648
58783
58890
59022
59088
59151
59441
59447
59584
59963
59974
60012
60139
60270
60281
60357
60430
60436
60528
60533
60533
60578
60663
60731
60930
60982
61048
61061
61121
61144
61252
61351
61381
61707
61893
62144
62193
62224
62573
62637
62666
62761
62865
63410
63462
63638
63739
64043
64133
64180
64223
64376
64496
64510
64517
64658
64738
64890
64900
64915
65000
65109
65178
65496
65555
65556
65758
65883
65930
66024
66026
66270
66384
66397
66410
66414
66597
66614
66664
66818
66904
67106
67250
67301
67316
67400
67417
67762
67926
68037
68187
68188
68208
68449
68752
68872
69106
69114
69335
69424
69596
69788
69812
70133
70473
70661
70710
70886
71066
71374
71500
71559
71608
71621
71645
71657
71879
72002
72195
72222
72321
72357
72540
72720
72798
72948
73028
73123
73224
73293
73311
73537
73561
73620
73845
73944
74006
74011
74096
74348
74473
74521
74820
74844
74924
75025
75382
75889
75950
76140
76207
76253
76315
76438
76479
76673
76749
76781
76846
76861
76969
77256
77307
77539
77566
77769
78052
78078
78124
78172
78268
78277
78364
78369
78412
78479
78487
78766
79316
79584
79833
79991
80009
80278
80526
80556
80595
80610
80656
80862
81064
81276
81320
81450
81470
81510
81617
81628
81845
82299
82531
82907
82928
82954
83033
83145
83235
83455
83604
83624
83846
83912
84218
84314
84362
84442
84602
84823
84929
85014
85118
85240
85295
85318
85338
85346
85363
85629
85654
85760
85959
85982
86015
86149
86230
86242
86494
86510
86594
86660
86734
86889
86918
87213
87422
87473
87550
87833
88009
88232
88238
88250
88279
88473
88517
88522
88543
88562
88571
89218
89285
89358
89362
89380
89400
89525
89706
89856
89962
90140
90578
90669
90697
90706
90985
91022
91022
91025
91111
91129
91338
91380
91435
91463
91700
91816
92029
92098
92152
92173
92243
92266
92319
92382
92394
92411
92421
92424
92498
92691
92796
92828
92841
92945
93321
93392
93413
93425
93475
93656
93747
93766
94018
94142
94345
94427
94540
94710
95235
95319
95533
95693
95951
95963
96086
96157
96384
96600
96878
96904
97040
97312
97326
97380
97409
97480
97507
97635
97884
98125
98165
98177
98246
98288
98304
98325
98423
98526
98618
98772
98885
98994
99110
99159
99492
99520
99553
99715
99772
17394
44802
79102
12962
590
5338
72984
55209
84007
8875
48482
82974
46990
7543
67725
59513
36115
72139
77292
54931
53337
87850
97268
80974
96411
47064
69445
25033
61539
25482
44790
32594
36656
9847
50343
90372
18238
90776
56245
25216
81602
35214
20726
76156
10229
23802
24899
58104
1170
15537
70971
34803
35568
32915
24284
43613
24791
57566
95934
71316
55960
39936
7380
11512
10768
27466
83856
3287
80078
23347
46590
46930
77761
93986
30991
91424
96570
6004
39094
70415
94331
9267
18006
61929
64283
40325
1180
11666
96296
70396
56857
59461
31587
47055
26275
38301
94368
4394
24362
28972
